/home/kriza/programing/diplomka/verziaGit/diplomka/dlib/dlib/examples/cmake-build-release/testVVAD shape_predictor_68_face_landmarks.dat 0
for start learning threshold for riso press enter
_diferences_for_training_threshold: 
0	0.027728
0.0104144	0.027728
0.019472	0.027728
0.00248829	0.027728
0.021048	0.027728
0.0208322	0.027728
0.0103082	0.027728
0.0100935	0.027728
0.000214742	0.027728
0.0101963	0.027728
0.0129004	0.027728
0.00248479	0.027728
0.010951	0.027728
0.0101005	0.027728
0.0332798	0.027728
0.00170781	0.027728
0.0212649	0.027728
0.0105251	0.027728
0.00625346	0.027728
0.00014945	0.027728
0.0046277	0.027728
0.0105181	0.027728
0.00266877	0.027728
0.00245512	0.027728
0.0105235	0.027728
0.0209345	0.027728
0.00819097	0.027728
0.00816661	0.027728
0.00413357	0.027728
0.00413439	0.027728
0.0166925	0.027728
0.0107456	0.027728
0.0104189	0.027728
0.00431698	0.027728
0.00931096	0.027728
0.00821385	0.027728
0.0237736	0.027728
0.0219389	0.027728
0.00778605	0.027728
0.00249702	0.027728
0.000552023	0.027728
0.0529381	0.027728
0.037641	0.027728
0.000909403	0.027728
0.0230548	0.027728
0.0206915	0.027728
0.0226675	0.027728
0.00518017	0.027728
0.0778293	0.027728
0.0105292	0.027728
0.0315772	0.027728
0.019984	0.027728
0.0648273	0.027728
0.0505359	0.027728
0.00604649	0.027728
0.0923953	0.027728
0.00734079	0.027728
0.0176153	0.027728
0.0129319	0.027728
6.86385e-07	0.027728
0.013728	0.027728
0.0098019	0.027728
0.0165348	0.027728
0.0107431	0.027728
0.000446577	0.027728
0.00997291	0.027728
0.00694322	0.027728
0.031247	0.027728
0.00514618	0.027728
0.0107303	0.027728
0.0121377	0.027728
0.0259576	0.027728
0.0115942	0.027728
0.0111008	0.027728
0.000111981	0.027728
0.010307	0.027728
0	0.027728
0.00245904	0.027728
0.00795762	0.027728
0.0209407	0.027728
5.47618e-07	0.027728
0.0107427	0.027728
0.0107427	0.027728
0.000107371	0.027728
0.00431449	0.027728
0.00610161	0.027728
0.0105235	0.027728
0.000107371	0.027728
0.0201961	0.027728
0.0016559	0.027728
0.00897703	0.027728
0.000245143	0.027728
0.00291879	0.027728
0.000209298	0.027728
0	0.027728
0.00064447	0.027728
0.000434076	0.027728
0.0206186	0.027728
0.0225865	0.027728
0.00785515	0.027728
0.000155067	0.027728
0.0086498	0.027728
0.012898	0.027728
0.02061	0.027728
0.02061	0.027728
0	0.027728
0.00998026	0.027728
0.0103076	0.027728
0.0107242	0.027728
0.000850612	0.027728
0.000220429	0.027728
0.000832204	0.027728
0.00969072	0.027728
0.00427024	0.027728
0.0157235	0.027728
0.0207174	0.027728
0.027728	0.027728
0.0128757	0.027728
0.0099915	0.027728
0.0108418	0.027728
0.000322165	0.027728
0.0103104	0.027728
0.0103104	0.027728
0.0116254	0.027728
0.0219346	0.027728
0.00588716	0.027728
0.00567571	0.027728
0.00597635	0.027728
0.00838508	0.027728
0.000236414	0.027728
0.000235226	0.027728
0.00219847	0.027728
0.0029177	0.027728
0.0130105	0.027728
0.0220751	0.027728
0.0117686	0.027728
0.00625268	0.027728
0.00014877	0.027728
0.00597635	0.027728
0.0121937	0.027728
0.0223972	0.027728
0.0306128	0.027728
0.0199841	0.027728
0.000631213	0.027728
0.0210339	0.027728
0.0171926	0.027728
0.00720765	0.027728
0.00866346	0.027728
0.00866346	0.027728
0.000690568	0.027728
0.0108891	0.027728
0.000219261	0.027728
0.000220429	0.027728
0.00616617	0.027728
0.00552064	0.027728
0.000425102	0.027728
0.011424	0.027728
0.00164555	0.027728
0.00802526	0.027728
0.00196684	0.027728
0.01232	0.027728
0.0223009	0.027728
0.0223009	0.027728
0.00988636	0.027728
0.00819606	0.027728
0	0.027728
0.00997171	0.027728
0.00201073	0.027728
0.0129802	0.027728
0.0322365	0.027728
0.0212682	0.027728
0.00226086	0.027728
0.00706962	0.027728
0.0154028	0.027728
0.00562912	0.027728
0.0117617	0.027728
0.00906153	0.027728
0.000239968	0.027728
0.0179425	0.027728
0.0206164	0.027728
0.002919	0.027728
1.30385e-06	0.027728
0.0133327	0.027728
0.0104139	0.027728
0.00588607	0.027728
0.00831596	0.027728
0.00787391	0.027728
0.00787391	0.027728
0.00725413	0.027728
0.0130972	0.027728
0.00259088	0.027728
0.00923063	0.027728
0.0109597	0.027728
0.0113231	0.027728
0.0113231	0.027728
0.00196908	0.027728
0.000705831	0.027728
0.0086153	0.027728
0.00137762	0.027728
0.0185547	0.027728
konec
pocetFramovVidea: 302
cas trvania treningu: 10009
for testing for riso start press enter
0.0182098	0.02	0.027728
0.0178964	0.02	0.027728
0.00536419	0.02	0.027728
0.00064447	0.02	0.027728
0.00248493	0.02	0.027728
0.0101018	0.02	0.027728
0.0123676	0.02	0.027728
0.000438448	0.02	0.027728
0.00625459	0.02	0.027728
0.00846249	0.02	0.027728
0.0126251	0.02	0.027728
0.0205101	0.02	0.027728
0.00763508	0.02	0.027728
0.0142647	0.02	0.027728
0.0142647	0.02	0.027728
0.00648016	0.02	0.027728
0.0114637	0.02	0.027728
0.0176974	0.02	0.027728
0.0029201	0.02	0.027728
0	0.02	0.027728
0.0112902	0.02	0.027728
0.000348523	0.02	0.027728
0.010297	0.02	0.027728
0.000886522	0.02	0.027728
0.0212596	0.02	0.027728
0.00109703	0.02	0.027728
0.000452667	0.02	0.027728
0.0133191	0.02	0.027728
0.00279336	0.02	0.027728
0.0104931	0.02	0.027728
0.00980385	0.02	0.027728
0.00897535	0.02	0.027728
0.00679173	0.02	0.027728
0.0150389	0.02	0.027728
0.0155667	0.02	0.027728
0.0030287	0.02	0.027728
0.00417817	0.02	0.027728
0.00280696	0.02	0.027728
1.68011e-06	0.02	0.027728
0.000672143	0.02	0.027728
0.0182104	0.02	0.027728
0.00547382	0.02	0.027728
0.00333554	0.02	0.027728
0.00532244	0.02	0.027728
0.0184456	0.02	0.027728
0.0225242	0.02	0.027728
0.0121098	0.02	0.027728
0.000222649	0.02	0.027728
0.0115476	0.02	0.027728
0.0222903	0.02	0.027728
0.0209345	0.02	0.027728
0.0168155	0.02	0.027728
0.0101429	0.02	0.027728
0.0132071	0.02	0.027728
0.0208777	0.02	0.027728
0.00683799	0.02	0.027728
0.0145337	0.02	0.027728
0.00433703	0.02	0.027728
0.000323436	0.02	0.027728
0.0046812	0.02	0.027728
0.0418362	0.07	0.027728
0.0187131	0.07	0.027728
0.0111043	0.07	0.027728
0.00348108	0.07	0.027728
0.000602931	0.07	0.027728
0.00146579	0.07	0.027728
0.000535415	0.07	0.027728
0.00941719	0.07	0.027728
0.0304197	0.07	0.027728
0.0139808	0.07	0.027728
0.0144811	0.07	0.027728
0.0132286	0.07	0.027728
0.00984961	0.07	0.027728
0.0217276	0.07	0.027728
0.01443	0.07	0.027728
0.00422645	0.07	0.027728
0.0133327	0.07	0.027728
0.00895751	0.07	0.027728
0.000148747	0.07	0.027728
0.00662263	0.07	0.027728
0.00632444	0.07	0.027728
0.0185516	0.07	0.027728
0.0227558	0.07	0.027728
0.012757	0.02	0.027728
0.00855042	0.02	0.027728
0.00453129	0.02	0.027728
0.0130918	0.02	0.027728
0.00731954	0.02	0.027728
0.00956268	0.02	0.027728
0.021901	0.02	0.027728
0.0218976	0.02	0.027728
0.0061683	0.02	0.027728
0.0157227	0.02	0.027728
0.00302777	0.02	0.027728
0.00137222	0.02	0.027728
0.00921407	0.02	0.027728
0.000243761	0.02	0.027728
0.00795211	0.02	0.027728
0.0112608	0.02	0.027728
0.0320924	0.07	0.027728
0.0126394	0.07	0.027728
0.0128475	0.07	0.027728
0.0220579	0.07	0.027728
0.0114292	0.07	0.027728
0.0107317	0.07	0.027728
0.060603	0.07	0.027728
0.0721462	0.07	0.027728
0.0323987	0.07	0.027728
0.0408319	0.07	0.027728
0.0391442	0.07	0.027728
0.0284328	0.07	0.027728
0.0194506	0.07	0.027728
0.0301437	0.07	0.027728
0.0160304	0.07	0.027728
0.0332756	0.07	0.027728
0.0812284	0.07	0.027728
0.0401419	0.07	0.027728
0.0295422	0.07	0.027728
0.0433856	0.07	0.027728
0.0454611	0.07	0.027728
0.0088773	0.07	0.027728
0.0101802	0.07	0.027728
0.0124028	0.07	0.027728
0.0121752	0.07	0.027728
0.0335833	0.07	0.027728
0.020822	0.07	0.027728
0.0147732	0.07	0.027728
0.00679865	0.07	0.027728
0.0313181	0.07	0.027728
0.0203817	0.07	0.027728
0.0139414	0.07	0.027728
0.00205852	0.07	0.027728
0.0136168	0.07	0.027728
0.0128729	0.07	0.027728
0.00855673	0.07	0.027728
0.00609258	0.07	0.027728
0.0101903	0.07	0.027728
0.0104151	0.07	0.027728
0.0104151	0.07	0.027728
0.000114213	0.07	0.027728
0.010295	0.07	0.027728
0.0066144	0.07	0.027728
0.00422844	0.07	0.027728
0.00032468	0.02	0.027728
0.0046791	0.02	0.027728
0.00784427	0.02	0.027728
0.0081874	0.02	0.027728
0.00694257	0.02	0.027728
0.000509601	0.02	0.027728
0.00251079	0.02	0.027728
0.00655316	0.02	0.027728
0.00451666	0.02	0.027728
0.0104155	0.02	0.027728
0.011649	0.02	0.027728
0.0013452	0.02	0.027728
0.0105173	0.02	0.027728
0.00597392	0.02	0.027728
0.0164913	0.02	0.027728
0.0107234	0.02	0.027728
0.000198897	0.02	0.027728
0.0315228	0.07	0.027728
0.0287095	0.07	0.027728
0.00219809	0.07	0.027728
0.0105152	0.07	0.027728
0.0218367	0.07	0.027728
0.00864457	0.07	0.027728
0.0128767	0.07	0.027728
0.0225242	0.07	0.027728
0.018208	0.07	0.027728
0.00831676	0.07	0.027728
0.000735225	0.07	0.027728
0.00180986	0.07	0.027728
0.0043176	0.07	0.027728
0.0166299	0.07	0.027728
0.0151155	0.07	0.027728
0.000681303	0.07	0.027728
0.0254237	0.02	0.027728
0.0717987	0.07	0.027728
0.0145811	0.07	0.027728
0.00635031	0.07	0.027728
0.0315659	0.07	0.027728
0.00587152	0.07	0.027728
0.0381193	0.07	0.027728
0.00856013	0.07	0.027728
0.00253705	0.07	0.027728
0.00920427	0.07	0.027728
0.0162865	0.07	0.027728
0.000129701	0.07	0.027728
0.000807529	0.07	0.027728
0.00412461	0.07	0.027728
0.0109757	0.07	0.027728
0.00180876	0.07	0.027728
0.0133924	0.07	0.027728
0.0212531	0.07	0.027728
0.00208411	0.07	0.027728
0.0192105	0.07	0.027728
0.0321165	0.07	0.027728
0.00584489	0.07	0.027728
0.00804644	0.07	0.027728
0.0580963	0.07	0.027728
0.0322752	0.07	0.027728
0.0110151	0.07	0.027728
0.0120618	0.07	0.027728
0.0103447	0.07	0.027728
0.025228	0.07	0.027728
0.000363328	0.07	0.027728
0.0132841	0.07	0.027728
0.00945869	0.07	0.027728
0.00404857	0.07	0.027728
0.00347539	0.07	0.027728
0.000724833	0.07	0.027728
0.00880163	0.07	0.027728
0.00739543	0.07	0.027728
0.00714541	0.07	0.027728
0.00815169	0.07	0.027728
0.00448474	0.02	0.027728
0.0261052	0.02	0.027728
0.0132187	0.02	0.027728
0.0130048	0.02	0.027728
0.00988603	0.02	0.027728
0.00239924	0.02	0.027728
0.01271	0.02	0.027728
0.0107324	0.02	0.027728
0.0102001	0.02	0.027728
0.0124187	0.02	0.027728
0.000241013	0.02	0.027728
0.00219763	0.02	0.027728
0.00267231	0.02	0.027728
0.0187893	0.02	0.027728
0.0052962	0.02	0.027728
0.0159453	0.02	0.027728
0.00221242	0.02	0.027728
0.00755668	0.02	0.027728
0.00732573	0.02	0.027728
0.000260161	0.02	0.027728
6.51367e-06	0.02	0.027728
0.0131142	0.02	0.027728
0.0121704	0.02	0.027728
0.000459295	0.02	0.027728
0.00876789	0.02	0.027728
0.0186385	0.02	0.027728
0.0125079	0.02	0.027728
0.00262876	0.02	0.027728
0.0125157	0.02	0.027728
0.0122893	0.02	0.027728
0.0123987	0.02	0.027728
0.0133749	0.02	0.027728
0.000749903	0.02	0.027728
pocetFramovVidea: 375
cas: 12438

Process finished with exit code 0
dnu